2048 256 0.00300051
2048 256 0.00284957
2048 256 0.00301798
2048 256 0.0028567
2048 256 0.00286461
2048 256 0.0253348
2048 256 0.00678918
2048 256 0.00671664
2048 256 0.00662621
2048 256 0.0066999
2048 256 0.000761024
2048 256 0.000727104
2048 256 0.000729696
2048 256 0.000747872
2048 256 0.0247208
2048 256 0.00038112
2048 256 0.000296512
2048 256 0.000409504
2048 256 0.000387904
2048 256 0.408779
128 64 0.0157409
128 64 0.0160312
128 64 0.0151982
128 64 0.0157665
128 64 0.0322536
1024 128 2.21262
1024 128 0.00139555
1024 128 0.00134925
1024 128 0.0912464
1024 128 0.0231429
1024 128 0.471352
1024 128 0.302715
1024 128 0.357623
1024 128 0.387845
1024 128 0.386105
1024 128 0.382181
1024 128 0.38256
1024 128 0.359127
1024 128 0.00742915
1024 128 0.0477055
1024 128 0.047877
1024 128 0.370161
1024 128 0.138679
1024 128 0.00384768
1024 128 0.00658755
1024 128 0.00647197
1024 128 0.485226
